942948639 593368 903265
14 64
0 0
1 0
0 1
0 1
0 0
1 0
0 0
0 1
0 1
1 0
1 0
0 0
0 1
0 0
5 14 588652
11 9 193722
2 13 704356
2 0 731977
8 2 5702
8 14 147036
10 5 589565
0 13 928251
7 4 114132
4 11 727033
8 12 234517
13 10 965139
6 1 101851
8 10 102623
9 8 431211
4 0 38620
9 5 881670
5 12 960692
14 4 214028
5 7 912992
0 6 241457
3 14 225414
6 2 183214
4 9 580923
15 5 604594
15 9 765169
1 2 813281
4 6 478926
3 13 710012
2 12 468984
2 14 428266
9 2 216927
3 4 740980
14 0 931232
8 6 687363
3 6 965193
12 13 485231
1 15 825246
0 5 413112
6 7 538457
1 9 112886
8 4 251806
9 13 754761
12 3 700399
13 8 979096
7 13 96114
0 11 900599
13 5 769866
10 15 284356
13 4 123444
0 15 472114
3 10 331785
14 12 746339
6 10 464475
12 1 3927
10 0 133575
6 14 538952
14 7 884647
8 5 142860
1 14 855397
3 2 759203
1 13 517550
12 15 324931
8 0 188995
