582027468 909 158
15 136
0 0
1 0
0 0
0 0
0 0
0 0
0 1
0 0
0 0
0 1
1 0
0 1
1 0
0 0
0 0
0 1 601174
0 2 829107
0 3 396689
0 4 809712
0 5 731691
0 6 952290
0 7 571312
0 8 339633
0 9 846012
0 10 506674
0 11 782397
0 12 592825
0 13 94833
0 14 737899
0 15 47202
0 16 547113
1 2 731538
1 3 928433
1 4 407124
1 5 824276
1 6 689170
1 7 604780
1 8 910251
1 9 196490
1 10 712908
1 11 758084
1 12 284872
1 13 944367
1 14 956425
1 15 944052
1 16 563846
2 3 986174
2 4 521346
2 5 724430
2 6 835706
2 7 487001
2 8 795263
2 9 999603
2 10 183121
2 11 169045
2 12 510444
2 13 501145
2 14 808794
2 15 78090
2 16 722575
3 4 147118
3 5 816540
3 6 481673
3 7 32373
3 8 243874
3 9 736028
3 10 379894
3 11 640143
3 12 722686
3 13 205425
3 14 849813
3 15 83757
3 16 330938
4 5 621074
4 6 944790
4 7 727654
4 8 853390
4 9 255881
4 10 679141
4 11 870611
4 12 503230
4 13 251105
4 14 790251
4 15 122722
4 16 120949
5 6 227334
5 7 234374
5 8 863337
5 9 782027
5 10 369667
5 11 149451
5 12 832319
5 13 42390
5 14 488049
5 15 152497
5 16 992080
6 7 67266
6 8 491470
6 9 353085
6 10 714653
6 11 954083
6 12 687016
6 13 584982
6 14 821259
6 15 109687
6 16 681434
7 8 330584
7 9 743413
7 10 29270
7 11 876454
7 12 849187
7 13 485644
7 14 423640
7 15 71862
7 16 319611
8 9 691004
8 10 54775
8 11 156320
8 12 301606
8 13 255806
8 14 859637
8 15 237487
8 16 944294
9 10 829839
9 11 495737
9 12 98206
9 13 644392
9 14 91484
9 15 623634
9 16 481340
10 11 1676
10 12 411273
10 13 724798
10 14 100537
10 15 301262
10 16 828470
11 12 450024
11 13 513213
11 14 288393
11 15 720275
11 16 692779
12 13 85692
12 14 923249
12 15 414384
12 16 475413
13 14 140694
13 15 580274
13 16 166562
14 15 754218
14 16 129091
15 16 50198
