36510770 555251092 620352715
11 53
0 0
0 0
1 0
0 1
0 0
0 0
0 0
1 0
1 0
0 0
0 0
6 8 880927646
4 11 214560449
1 11 56728702
1 8 839745102
7 3 861354205
3 1 61115191
12 2 223714939
9 2 611140030
4 6 578957855
11 7 395886006
5 0 832856334
10 12 94815542
4 8 909659127
3 6 466508357
10 9 93239516
6 11 831390350
5 1 859084851
9 5 540072080
7 5 48436390
4 2 672520799
1 0 222869518
10 0 153325044
1 4 849653876
6 7 290407166
4 7 407522086
8 12 192565837
11 3 960417608
0 4 837639266
10 2 270205715
7 2 767656591
1 9 871558952
11 10 696067727
1 10 766874882
5 4 213415880
9 12 397475520
2 11 75904883
9 6 967538003
0 11 773918894
8 11 870187192
7 1 658487997
6 1 543965775
0 12 287250509
2 6 114988204
4 9 697050218
3 4 135994352
7 12 115070476
3 10 930705922
2 3 227758850
5 12 730158658
7 9 783933195
7 10 532125358
11 5 469889956
3 12 86140278
