755301505 51 89
14 55
0 0
0 0
0 0
0 1
0 0
0 0
0 0
0 0
0 0
0 1
1 0
0 0
0 1
1 0
3 6 272
0 13 444
7 14 773
7 13 509
0 2 277
12 8 531
6 14 263
13 6 445
0 8 296
9 14 534
11 5 989
15 4 389
11 15 184
3 5 643
7 5 515
11 7 819
13 9 360
10 5 494
12 6 886
7 8 916
10 15 696
7 3 376
5 1 525
10 14 186
15 14 346
2 1 953
8 2 626
4 13 79
10 1 866
3 1 447
0 4 241
1 8 621
1 15 770
0 14 660
4 5 258
12 7 53
4 7 37
9 5 816
6 1 852
9 1 540
12 14 695
10 4 741
15 0 323
9 4 815
4 6 191
0 10 168
4 11 522
13 8 523
11 0 852
0 9 735
14 4 425
8 3 369
15 2 526
11 13 663
6 7 804
